P2COMPRESSED
# Archivo comprimido.
24 7
15
2 0 0 24 7
0 0 0 12 3
0 0 0 6 1
0 6 0 12 1
1 0 1 6 3
1 0 1 3 2
0 0 1 1 2
3 1 1 3 2
2 3 1 6 2
3 3 1 4 2
1 4 1 6 2
3 4 1 5 2
0 5 1 6 2
0 0 2 3 3
0 0 2 1 3
1 1 2 3 3
3 1 2 2 3
0 2 2 3 3
0 3 2 6 3
2 6 1 12 3
3 6 1 9 2
0 6 1 7 2
7 7 1 9 2
5 9 1 12 2
7 9 1 10 2
3 10 1 12 2
7 10 1 11 2
0 11 1 12 2
1 6 2 9 3
0 6 2 7 3
3 7 2 9 3
7 7 2 8 3
0 8 2 9 3
0 9 2 12 3
2 12 0 24 3
0 12 0 18 1
0 18 0 24 1
4 12 1 18 3
5 12 1 15 2
0 12 1 13 2
11 13 1 15 2
8 15 1 18 2
11 15 1 16 2
5 16 1 18 2
11 16 1 17 2
0 17 1 18 2
2 12 2 15 3
0 12 2 13 3
5 13 2 15 3
11 13 2 14 3
0 14 2 15 3
0 15 2 18 3
6 18 1 24 3
7 18 1 21 2
0 18 1 19 2
15 19 1 21 2
11 21 1 24 2
15 21 1 22 2
7 22 1 24 2
15 22 1 23 2
0 23 1 24 2
3 18 2 21 3
0 18 2 19 3
7 19 2 21 3
15 19 2 20 3
0 20 2 21 3
3 21 2 24 3
0 21 2 22 3
7 22 2 24 3
15 22 2 23 3
0 23 2 24 3
1 0 3 12 7
0 0 3 6 5
1 0 3 3 4
0 0 3 1 4
3 1 3 3 4
1 3 3 6 4
3 3 3 4 4
0 4 3 6 4
0 0 4 3 5
0 0 4 1 5
1 1 4 3 5
3 1 4 2 5
0 2 4 3 5
0 3 4 6 5
2 6 3 12 5
3 6 3 9 4
0 6 3 7 4
7 7 3 9 4
3 9 3 12 4
7 9 3 10 4
0 10 3 12 4
1 6 4 9 5
0 6 4 7 5
3 7 4 9 5
7 7 4 8 5
0 8 4 9 5
0 9 4 12 5
0 0 5 6 7
0 0 5 3 6
0 0 5 1 6
1 1 5 3 6
3 1 5 2 6
0 2 5 3 6
0 3 5 6 6
0 0 6 3 7
0 3 6 6 7
2 6 5 12 7
3 6 5 9 6
0 6 5 7 6
7 7 5 9 6
5 9 5 12 6
7 9 5 10 6
3 10 5 12 6
7 10 5 11 6
0 11 5 12 6
0 6 6 9 7
0 9 6 12 7
3 12 3 24 7
3 12 3 18 5
5 12 3 15 4
0 12 3 13 4
11 13 3 15 4
5 15 3 18 4
11 15 3 16 4
0 16 3 18 4
2 12 4 15 5
0 12 4 13 5
5 13 4 15 5
11 13 4 14 5
0 14 4 15 5
0 15 4 18 5
5 18 3 24 5
7 18 3 21 4
0 18 3 19 4
15 19 3 21 4
11 21 3 24 4
15 21 3 22 4
7 22 3 24 4
15 22 3 23 4
0 23 3 24 4
3 18 4 21 5
0 18 4 19 5
7 19 4 21 5
15 19 4 20 5
0 20 4 21 5
0 21 4 24 5
3 12 5 18 7
5 12 5 15 6
0 12 5 13 6
11 13 5 15 6
8 15 5 18 6
11 15 5 16 6
5 16 5 18 6
11 16 5 17 6
0 17 5 18 6
0 12 6 15 7
0 15 6 18 7
0 18 5 24 7
3 18 5 21 6
0 18 5 19 6
7 19 5 21 6
15 19 5 20 6
0 20 5 21 6
0 21 5 24 6
0 18 6 21 7
0 21 6 24 7
0x10559e4e0